C_t,r,C,C_r,C_rr,C_rrr
-1.731109619140625000e-02 1.030000001192092896e-01 9.797561645507812500e+00 -1.061098022460937500e+02 1.192096939086914062e+02 2.110015234375000000e+04
-1.670217514038085938e-02 1.040000021457672119e-01 9.691512107849121094e+00 -1.059805755615234375e+02 1.397137603759765625e+02 2.074252343750000000e+04
-1.609849929809570312e-02 1.049999967217445374e-01 9.585600852966308594e+00 -1.058303756713867188e+02 1.606946716308593750e+02 2.062331250000000000e+04
-1.550054550170898438e-02 1.059999987483024597e-01 9.479851722717285156e+00 -1.056591873168945312e+02 1.807218933105468750e+02 2.002726367187500000e+04
-1.490831375122070312e-02 1.070000007748603821e-01 9.374282836914062500e+00 -1.054684524536132812e+02 2.007491302490234375e+02 1.990805273437500000e+04
-1.432228088378906250e-02 1.080000028014183044e-01 9.268915176391601562e+00 -1.052576904296875000e+02 2.202995147705078125e+02 2.014647265625000000e+04
-1.374197006225585938e-02 1.089999973773956299e-01 9.163767814636230469e+00 -1.050273742675781250e+02 2.403267517089843750e+02 1.943121484375000000e+04
-1.316785812377929688e-02 1.099999994039535522e-01 9.058860778808593750e+00 -1.047770385742187500e+02 2.594002990722656250e+02 1.883516406250000000e+04
-1.260042190551757812e-02 1.110000014305114746e-01 8.954214096069335938e+00 -1.045081024169921875e+02 2.784738464355468750e+02 1.883516406250000000e+04
-1.203870773315429688e-02 1.120000034570693970e-01 8.849844932556152344e+00 -1.042205657958984375e+02 2.970705566406250000e+02 1.823911523437500000e+04
-1.148462295532226562e-02 1.129999980330467224e-01 8.745773315429687500e+00 -1.039144363403320312e+02 3.147135925292968750e+02 1.811990429687500000e+04
-1.093578338623046875e-02 1.140000000596046448e-01 8.642016410827636719e+00 -1.035906677246093750e+02 3.328334655761718750e+02 1.788148437500000000e+04
-1.039409637451171875e-02 1.150000020861625671e-01 8.538592338562011719e+00 -1.032487716674804688e+02 3.504765014648437500e+02 1.728543554687500000e+04
-9.859085083007812500e-03 1.159999966621398926e-01 8.435519218444824219e+00 -1.028892364501953125e+02 3.676427001953125000e+02 1.716622656250000000e+04
-9.331226348876953125e-03 1.169999986886978149e-01 8.332814216613769531e+00 -1.025130081176757812e+02 3.848088989257812500e+02 1.704701562500000000e+04
-8.810520172119140625e-03 1.180000007152557373e-01 8.230493545532226562e+00 -1.021191406250000000e+02 4.014982604980468750e+02 1.657017578125000000e+04
-8.296966552734375000e-03 1.190000027418136597e-01 8.128576278686523438e+00 -1.017095413208007812e+02 4.177107849121093750e+02 1.609333691406250000e+04
-7.790088653564453125e-03 1.199999973177909851e-01 8.027074813842773438e+00 -1.012837219238281250e+02 4.339233093261718750e+02 1.609333691406250000e+04
-7.291078567504882812e-03 1.209999993443489075e-01 7.926009178161621094e+00 -1.008416900634765625e+02 4.496589660644531250e+02 1.549728710937500000e+04
-6.798505783081054688e-03 1.220000013709068298e-01 7.825391769409179688e+00 -1.003846435546875000e+02 4.649178161621093750e+02 1.502044726562500000e+04
-6.314516067504882812e-03 1.230000033974647522e-01 7.725240230560302734e+00 -9.991162109375000000e+01 4.799382324218750000e+02 1.454360839843750000e+04
-5.836963653564453125e-03 1.239999979734420776e-01 7.625568866729736328e+00 -9.942476654052734375e+01 4.942434082031250000e+02 1.418597851562500000e+04
-5.367517471313476562e-03 1.250000000000000000e-01 7.526391029357910156e+00 -9.892313385009765625e+01 5.087869873046875000e+02 1.430518847656250000e+04
-4.904985427856445312e-03 1.260000020265579224e-01 7.427722930908203125e+00 -9.840719604492187500e+01 5.226152954101562500e+02 1.388795312500000000e+04
-4.451036453247070312e-03 1.270000040531158447e-01 7.329576969146728516e+00 -9.787767028808593750e+01 5.366820678710937500e+02 1.353032421875000000e+04
-4.004478454589843750e-03 1.280000060796737671e-01 7.231967926025390625e+00 -9.733407592773437500e+01 5.497951049804687500e+02 1.275545996093750000e+04
-3.565073013305664062e-03 1.289999932050704956e-01 7.134909152984619141e+00 -9.677808380126953125e+01 5.621929321289062500e+02 1.239783007812500000e+04
-3.134012222290039062e-03 1.299999952316284180e-01 7.038412094116210938e+00 -9.620968627929687500e+01 5.745907592773437500e+02 1.257664453125000000e+04
-2.711057662963867188e-03 1.309999972581863403e-01 6.942490100860595703e+00 -9.562866210937500000e+01 5.872269897460937500e+02 1.215941015625000000e+04
-2.295017242431640625e-03 1.319999992847442627e-01 6.847155094146728516e+00 -9.503524017333984375e+01 5.991479492187500000e+02 1.186138476562500000e+04
-1.887559890747070312e-03 1.330000013113021851e-01 6.752419948577880859e+00 -9.443013000488281250e+01 6.105920410156250000e+02 1.096731054687500000e+04
-1.487970352172851562e-03 1.340000033378601074e-01 6.658295154571533203e+00 -9.381405639648437500e+01 6.215593872070312500e+02 1.066928613281250000e+04
-1.095771789550781250e-03 1.350000053644180298e-01 6.564792156219482422e+00 -9.318724822998046875e+01 6.320498046875000000e+02 1.066928613281250000e+04
-7.119178771972656250e-04 1.360000073909759521e-01 6.471920967102050781e+00 -9.254972076416015625e+01 6.430170898437500000e+02 1.031165625000000000e+04
-3.359317779541015625e-04 1.369999945163726807e-01 6.379693031311035156e+00 -9.190122222900390625e+01 6.532691650390625000e+02 9.954026367187500000e+03
3.218650817871093750e-05 1.379999965429306030e-01 6.288118839263916016e+00 -9.124318695068359375e+01 6.628059082031250000e+02 9.357977539062500000e+03
3.919601440429687500e-04 1.389999985694885254e-01 6.197206974029541016e+00 -9.057560729980468750e+01 6.721042480468750000e+02 9.179162109375000000e+03
7.438659667968750000e-04 1.400000005960464478e-01 6.106967926025390625e+00 -8.989921569824218750e+01 6.809257812500000000e+02 8.940742187500000000e+03
1.088380813598632812e-03 1.410000026226043701e-01 6.017408847808837891e+00 -8.921352386474609375e+01 6.902241210937500000e+02 8.761927734375000000e+03
1.425027847290039062e-03 1.420000046491622925e-01 5.928541183471679688e+00 -8.851900482177734375e+01 6.985688476562500000e+02 8.046668457031250000e+03
1.753568649291992188e-03 1.430000066757202148e-01 5.840371131896972656e+00 -8.781662750244140625e+01 7.061982421875000000e+02 7.629433593750000000e+03
2.074003219604492188e-03 1.439999938011169434e-01 5.752908229827880859e+00 -8.710661315917968750e+01 7.135892333984375000e+02 7.808248535156250000e+03
2.387046813964843750e-03 1.449999958276748657e-01 5.666158199310302734e+00 -8.638921356201171875e+01 7.212186889648437500e+02 7.152594238281250000e+03
2.691507339477539062e-03 1.459999978542327881e-01 5.580130100250244141e+00 -8.566417694091796875e+01 7.283712158203125000e+02 7.033384277343750000e+03
2.988576889038085938e-03 1.469999998807907104e-01 5.494830131530761719e+00 -8.493270874023437500e+01 7.348085937500000000e+02 6.735359375000000000e+03
3.278017044067382812e-03 1.480000019073486328e-01 5.410264968872070312e+00 -8.419432830810546875e+01 7.414843139648437500e+02 6.139310058593750000e+03
3.559589385986328125e-03 1.490000039339065552e-01 5.326441764831542969e+00 -8.344974517822265625e+01 7.474448242187500000e+02 5.662470214843750000e+03
3.833532333374023438e-03 1.500000059604644775e-01 5.243365764617919922e+00 -8.269944000244140625e+01 7.526900024414062500e+02 5.364445800781250000e+03
4.098892211914062500e-03 1.509999930858612061e-01 5.161043167114257812e+00 -8.194412994384765625e+01 7.581736450195312500e+02 5.245235839843750000e+03
4.357814788818359375e-03 1.519999951124191284e-01 5.079477787017822266e+00 -8.118333435058593750e+01 7.636572875976562500e+02 5.126025878906250000e+03
4.609107971191406250e-03 1.529999971389770508e-01 4.998676776885986328e+00 -8.041705322265625000e+01 7.684257202148437500e+02 4.589581054687500000e+03
4.852056503295898438e-03 1.539999991655349731e-01 4.918643951416015625e+00 -7.964648437500000000e+01 7.724788208007812500e+02 3.814716796875000000e+03
5.088567733764648438e-03 1.550000011920928955e-01 4.839384078979492188e+00 -7.887210083007812500e+01 7.762935180664062500e+02 3.755111816406250000e+03
5.316495895385742188e-03 1.560000032186508179e-01 4.760900020599365234e+00 -7.809413909912109375e+01 7.798698120117187500e+02 3.874321777343750000e+03
5.537986755371093750e-03 1.570000052452087402e-01 4.683196067810058594e+00 -7.731212615966796875e+01 7.839229736328125000e+02 3.576297119140625000e+03
5.751371383666992188e-03 1.580000072717666626e-01 4.606276035308837891e+00 -7.652605438232421875e+01 7.872608642578125000e+02 2.861037597656250000e+03
5.958557128906250000e-03 1.589999943971633911e-01 4.530144214630126953e+00 -7.573760223388671875e+01 7.896450195312500000e+02 2.682222900390625000e+03
6.158113479614257812e-03 1.599999964237213135e-01 4.454801082611083984e+00 -7.494676971435546875e+01 7.922676391601562500e+02 2.741827636718750000e+03
6.350040435791015625e-03 1.609999984502792358e-01 4.380250930786132812e+00 -7.415307617187500000e+01 7.948902587890625000e+02 2.324593017578125000e+03
6.535530090332031250e-03 1.620000004768371582e-01 4.306495189666748047e+00 -7.335699462890625000e+01 7.965592041015625000e+02 1.609333618164062500e+03
6.713390350341796875e-03 1.630000025033950806e-01 4.233537197113037109e+00 -7.255971527099609375e+01 7.979896850585937500e+02 1.609333618164062500e+03
6.885051727294921875e-03 1.640000045299530029e-01 4.161375999450683594e+00 -7.176077270507812500e+01 7.996586303710937500e+02 1.430518798828125000e+03
7.050037384033203125e-03 1.650000065565109253e-01 4.090015888214111328e+00 -7.096016693115234375e+01 8.010891723632812500e+02 1.132494018554687500e+03
7.207870483398437500e-03 1.659999936819076538e-01 4.019455909729003906e+00 -7.015859985351562500e+01 8.020428466796875000e+02 7.748643798828125000e+02
7.359027862548828125e-03 1.669999957084655762e-01 3.949698925018310547e+00 -6.935607910156250000e+01 8.025196533203125000e+02 3.576296997070312500e+02
7.503509521484375000e-03 1.679999977350234985e-01 3.880743980407714844e+00 -6.855356597900390625e+01 8.027581176757812500e+02 1.788148498535156250e+02
7.641434669494628906e-03 1.689999997615814209e-01 3.812592029571533203e+00 -6.775057220458984375e+01 8.029965209960937500e+02 1.192098999023437500e+02
7.773518562316894531e-03 1.700000017881393433e-01 3.745243072509765625e+00 -6.694757080078125000e+01 8.029965209960937500e+02 -1.788148498535156250e+02
7.898926734924316406e-03 1.710000038146972656e-01 3.678697109222412109e+00 -6.614469909667968750e+01 8.025196533203125000e+02 -5.960494995117187500e+02
8.018016815185546875e-03 1.720000058412551880e-01 3.612953901290893555e+00 -6.534265899658203125e+01 8.018044433593750000e+02 -7.748643798828125000e+02
8.131027221679687500e-03 1.729999929666519165e-01 3.548012018203735352e+00 -6.454109191894531250e+01 8.009699707031250000e+02 -1.192098999023437500e+03
8.237481117248535156e-03 1.739999949932098389e-01 3.483871936798095703e+00 -6.374060058593750000e+01 7.995394287109375000e+02 -1.370913818359375000e+03
8.338451385498046875e-03 1.749999970197677612e-01 3.420531034469604492e+00 -6.294201660156250000e+01 7.982281494140625000e+02 -1.162296508789062500e+03
8.433580398559570312e-03 1.759999990463256836e-01 3.357988119125366211e+00 -6.214414596557617188e+01 7.971552124023437500e+02 -1.460321289062500000e+03
8.522987365722656250e-03 1.770000010728836060e-01 3.296242952346801758e+00 -6.134770965576171875e+01 7.952478637695312500e+02 -2.086173339843750000e+03
8.607029914855957031e-03 1.780000030994415283e-01 3.235292911529541016e+00 -6.055353546142578125e+01 7.931021118164062500e+02 -2.235185546875000000e+03
8.684992790222167969e-03 1.790000051259994507e-01 3.175136089324951172e+00 -5.976150512695312500e+01 7.907178955078125000e+02 -2.354395507812500000e+03
8.757472038269042969e-03 1.800000071525573730e-01 3.115770101547241211e+00 -5.897210311889648438e+01 7.880952758789062500e+02 -2.414000488281250000e+03
8.824944496154785156e-03 1.809999942779541016e-01 3.057192087173461914e+00 -5.818519973754882812e+01 7.859495239257812500e+02 -2.443802978515625000e+03
8.886933326721191406e-03 1.819999963045120239e-01 2.999399900436401367e+00 -5.740008544921875000e+01 7.833269042968750000e+02 -3.159062500000000000e+03
8.942961692810058594e-03 1.829999983310699463e-01 2.942392110824584961e+00 -5.661854934692382812e+01 7.797506103515625000e+02 -3.308074707031250000e+03
8.994936943054199219e-03 1.840000003576278687e-01 2.886162996292114258e+00 -5.584070587158203125e+01 7.766511840820312500e+02 -2.890840087890625000e+03
9.041547775268554688e-03 1.850000023841857910e-01 2.830710887908935547e+00 -5.506512832641601562e+01 7.739093627929687500e+02 -3.188864990234375000e+03
9.083509445190429688e-03 1.860000044107437134e-01 2.776032924652099609e+00 -5.429301071166992188e+01 7.700946655273437500e+02 -4.023334228515625000e+03
9.119987487792968750e-03 1.870000064373016357e-01 2.722125053405761719e+00 -5.352506256103515625e+01 7.659223022460937500e+02 -3.963729248046875000e+03
9.152531623840332031e-03 1.879999935626983643e-01 2.668982982635498047e+00 -5.276116561889648438e+01 7.619884033203125000e+02 -3.874321777343750000e+03
9.179472923278808594e-03 1.889999955892562866e-01 2.616602897644042969e+00 -5.200108718872070312e+01 7.582929077148437500e+02 -3.933926757812500000e+03
9.202957153320312500e-03 1.899999976158142090e-01 2.564980983734130859e+00 -5.124458312988281250e+01 7.542397460937500000e+02 -4.351161621093750000e+03
9.222030639648437500e-03 1.909999996423721313e-01 2.514113903045654297e+00 -5.049261093139648438e+01 7.495905761718750000e+02 -4.589581054687500000e+03
9.235978126525878906e-03 1.920000016689300537e-01 2.463995933532714844e+00 -4.974552536010742188e+01 7.450606079101562500e+02 -4.410766601562500000e+03
9.245991706848144531e-03 1.930000036954879761e-01 2.414623022079467773e+00 -4.900249099731445312e+01 7.406498413085937500e+02 -4.649186035156250000e+03
9.252548217773437500e-03 1.940000057220458984e-01 2.365991115570068359e+00 -4.826410675048828125e+01 7.357622680664062500e+02 -4.947210937500000000e+03
9.254455566406250000e-03 1.949999928474426270e-01 2.318094968795776367e+00 -4.753108978271484375e+01 7.307554321289062500e+02 -5.006815917968750000e+03
9.252905845642089844e-03 1.959999948740005493e-01 2.270929098129272461e+00 -4.680260086059570312e+01 7.257486572265625000e+02 -5.215433105468750000e+03
9.246945381164550781e-03 1.969999969005584717e-01 2.224489927291870117e+00 -4.607959365844726562e+01 7.202650146484375000e+02 -5.304840820312500000e+03
9.238004684448242188e-03 1.979999989271163940e-01 2.178770065307617188e+00 -4.536207199096679688e+01 7.152581787109375000e+02 -4.977013183593750000e+03
9.225010871887207031e-03 1.990000009536743164e-01 2.133765935897827148e+00 -4.464908218383789062e+01 7.102513427734375000e+02 -5.453853027343750000e+03
9.208559989929199219e-03 2.000000029802322388e-01 2.089472055435180664e+00 -4.394157409667968750e+01 7.044100952148437500e+02 -5.930692382812500000e+03
9.189009666442871094e-03 2.010000050067901611e-01 2.045882940292358398e+00 -4.324014282226562500e+01 6.984495849609375000e+02 -5.841285156250000000e+03
9.166002273559570312e-03 2.020000070333480835e-01 2.002991914749145508e+00 -4.254455566406250000e+01 6.928467407226562500e+02 -5.751877929687500000e+03
9.139537811279296875e-03 2.029999941587448120e-01 1.960793972015380859e+00 -4.185451126098632812e+01 6.870054931640625000e+02 -5.811482910156250000e+03
9.109973907470703125e-03 2.039999961853027344e-01 1.919283032417297363e+00 -4.117054748535156250e+01 6.812238159179687500e+02 -5.692272949218750000e+03
9.077966213226318359e-03 2.049999982118606567e-01 1.878453016281127930e+00 -4.049206542968750000e+01 6.755017700195312500e+02 -5.990297363281250000e+03
9.042501449584960938e-03 2.060000002384185791e-01 1.838299036026000977e+00 -3.981954574584960938e+01 6.692432250976562500e+02 -6.318125000000000000e+03
9.003996849060058594e-03 2.070000022649765015e-01 1.798814058303833008e+00 -3.915358352661132812e+01 6.629847412109375000e+02 -6.213815917968750000e+03
8.963048458099365234e-03 2.080000042915344238e-01 1.759992003440856934e+00 -3.849357986450195312e+01 6.567858276367187500e+02 -6.228717285156250000e+03
8.919537067413330078e-03 2.090000063180923462e-01 1.721827030181884766e+00 -3.784007263183593750e+01 6.505273437500000000e+02 -6.288322265625000000e+03
8.873522281646728516e-03 2.099999934434890747e-01 1.684311985969543457e+00 -3.719258499145507812e+01 6.442687988281250000e+02 -6.526742187500000000e+03
8.825004100799560547e-03 2.109999954700469971e-01 1.647441983222961426e+00 -3.655153656005859375e+01 6.374738769531250000e+02 -6.660853027343750000e+03
8.773982524871826172e-03 2.119999974966049194e-01 1.611209034919738770e+00 -3.591757965087890625e+01 6.309769287109375000e+02 -6.377729980468750000e+03
8.721053600311279297e-03 2.129999995231628418e-01 1.575606942176818848e+00 -3.528958511352539062e+01 6.247780151367187500e+02 -6.333025878906250000e+03
8.665502071380615234e-03 2.140000015497207642e-01 1.540629982948303223e+00 -3.466802597045898438e+01 6.182810668945312500e+02 -6.631050781250000000e+03
8.608043193817138672e-03 2.150000035762786865e-01 1.506271004676818848e+00 -3.405302429199218750e+01 6.114861450195312500e+02 -6.869470703125000000e+03
8.548498153686523438e-03 2.160000056028366089e-01 1.472524046897888184e+00 -3.344505691528320312e+01 6.044527587890625000e+02 -6.690655761718750000e+03
8.486986160278320312e-03 2.169999927282333374e-01 1.439381003379821777e+00 -3.284406280517578125e+01 5.980154418945312500e+02 -6.511840820312500000e+03
8.423507213592529297e-03 2.179999947547912598e-01 1.406836032867431641e+00 -3.224902725219726562e+01 5.915184936523437500e+02 -6.869470703125000000e+03
8.358478546142578125e-03 2.189999967813491821e-01 1.374883055686950684e+00 -3.166108703613281250e+01 5.841871337890625000e+02 -6.958877929687500000e+03
8.291482925415039062e-03 2.199999988079071045e-01 1.343513965606689453e+00 -3.108059692382812500e+01 5.775709838867187500e+02 -6.631050781250000000e+03
8.223474025726318359e-03 2.210000008344650269e-01 1.312721967697143555e+00 -3.050600624084472656e+01 5.710144653320312500e+02 -6.794964355468750000e+03
8.152961730957031250e-03 2.220000028610229492e-01 1.282502055168151855e+00 -2.993851089477539062e+01 5.639214477539062500e+02 -6.929075683593750000e+03
8.081972599029541016e-03 2.230000048875808716e-01 1.252845048904418945e+00 -2.937810707092285156e+01 5.571860961914062500e+02 -6.854569335937500000e+03
8.009016513824462891e-03 2.240000069141387939e-01 1.223745942115783691e+00 -2.882407951354980469e+01 5.503315429687500000e+02 -7.063186523437500000e+03
7.934987545013427734e-03 2.249999940395355225e-01 1.195196986198425293e+00 -2.827750396728515625e+01 5.430597534179687500e+02 -7.018482910156250000e+03
7.859468460083007812e-03 2.259999960660934448e-01 1.167191028594970703e+00 -2.773802185058593750e+01 5.362052001953125000e+02 -6.645952148437500000e+03
7.782995700836181641e-03 2.269999980926513672e-01 1.139721035957336426e+00 -2.720503616333007812e+01 5.297083129882812500e+02 -6.750260742187500000e+03
7.705509662628173828e-03 2.280000001192092896e-01 1.112781047821044922e+00 -2.667854881286621094e+01 5.227344970703125000e+02 -7.107890625000000000e+03
7.626533508300781250e-03 2.290000021457672119e-01 1.086364030838012695e+00 -2.615956878662109375e+01 5.154627075195312500e+02 -6.973779296875000000e+03
7.546961307525634766e-03 2.300000041723251343e-01 1.060461997985839844e+00 -2.564756393432617188e+01 5.087869873046875000e+02 -6.869470703125000000e+03
7.466495037078857422e-03 2.310000061988830566e-01 1.035068988800048828e+00 -2.514205741882324219e+01 5.018132019042968750e+02 -6.973779296875000000e+03
7.385015487670898438e-03 2.319999933242797852e-01 1.010177969932556152e+00 -2.464393997192382812e+01 4.947202453613281250e+02 -6.884371582031250000e+03
7.303327322006225586e-03 2.329999953508377075e-01 9.857811927795410156e-01 -2.415258789062500000e+01 4.880743103027343750e+02 -6.735359375000000000e+03
7.220566272735595703e-03 2.339999973773956299e-01 9.618728756904602051e-01 -2.366779327392578125e+01 4.812793579101562500e+02 -6.884371582031250000e+03
7.137149572372436523e-03 2.349999994039535522e-01 9.384456872940063477e-01 -2.319003105163574219e+01 4.743353881835937500e+02 -6.869470703125000000e+03
7.053196430206298828e-03 2.360000014305114746e-01 9.154928922653198242e-01 -2.271909332275390625e+01 4.674808349609375000e+02 -6.854569335937500000e+03
6.968647241592407227e-03 2.370000034570693970e-01 8.930075764656066895e-01 -2.225504112243652344e+01 4.606560668945312500e+02 -6.802415039062500000e+03
6.883710622787475586e-03 2.380000054836273193e-01 8.709828853607177734e-01 -2.179778289794921875e+01 4.538909301757812500e+02 -6.750260742187500000e+03
6.798326969146728516e-03 2.389999926090240479e-01 8.494120836257934570e-01 -2.134723091125488281e+01 4.471555786132812500e+02 -6.750260742187500000e+03
6.712585687637329102e-03 2.399999946355819702e-01 8.282884955406188965e-01 -2.090347290039062500e+01 4.403904113769531250e+02 -6.713007812500000000e+03
6.626546382904052734e-03 2.409999966621398926e-01 8.076052069664001465e-01 -2.046648216247558594e+01 4.337146911621093750e+02 -6.645952148437500000e+03
6.540358066558837891e-03 2.419999986886978149e-01 7.873556017875671387e-01 -2.003607559204101562e+01 4.270389404296875000e+02 -6.690655761718750000e+03
6.453841924667358398e-03 2.430000007152557373e-01 7.675331234931945801e-01 -1.961237525939941406e+01 4.203631896972656250e+02 -6.668303710937500000e+03
6.367236375808715820e-03 2.440000027418136597e-01 7.481309175491333008e-01 -1.919535064697265625e+01 4.137768554687500000e+02 -6.549093750000000000e+03
6.280571222305297852e-03 2.450000047683715820e-01 7.291424870491027832e-01 -1.878479385375976562e+01 4.072501220703125000e+02 -6.549093750000000000e+03
6.193757057189941406e-03 2.460000067949295044e-01 7.105613946914672852e-01 -1.838082122802734375e+01 4.007233886718750000e+02 -6.504390136718750000e+03
6.107002496719360352e-03 2.469999939203262329e-01 6.923809051513671875e-01 -1.798337745666503906e+01 3.942264709472656250e+02 -6.452235839843750000e+03
6.020247936248779297e-03 2.479999959468841553e-01 6.745947003364562988e-01 -1.759234046936035156e+01 3.878189392089843750e+02 -6.414982910156250000e+03
5.933612585067749023e-03 2.489999979734420776e-01 6.571962833404541016e-01 -1.720774078369140625e+01 3.814114379882812500e+02 -6.377729980468750000e+03
5.847096443176269531e-03 2.500000000000000000e-01 6.401792764663696289e-01 -1.682951927185058594e+01 3.750635070800781250e+02 -6.318125000000000000e+03
5.760639905929565430e-03 2.509999871253967285e-01 6.235373020172119141e-01 -1.645761489868164062e+01 3.687752075195312500e+02 -6.265970703125000000e+03
5.674511194229125977e-03 2.520000040531158447e-01 6.072641015052795410e-01 -1.609193992614746094e+01 3.625464782714843750e+02 -6.258520019531250000e+03
5.588561296463012695e-03 2.529999911785125732e-01 5.913534760475158691e-01 -1.573252391815185547e+01 3.563177795410156250e+02 -6.169112304687500000e+03
5.502909421920776367e-03 2.540000081062316895e-01 5.757991075515747070e-01 -1.537930583953857422e+01 3.501784973144531250e+02 -6.094606445312500000e+03
5.417495965957641602e-03 2.549999952316284180e-01 5.605949163436889648e-01 -1.503213787078857422e+01 3.440987854003906250e+02 -6.087155761718750000e+03
5.332440137863159180e-03 2.560000121593475342e-01 5.457348823547363281e-01 -1.469108009338378906e+01 3.380191040039062500e+02 -6.027550781250000000e+03
5.247861146926879883e-03 2.569999992847442627e-01 5.312128067016601562e-01 -1.435607147216796875e+01 3.320586242675781250e+02 -5.915791503906250000e+03
5.163580179214477539e-03 2.579999864101409912e-01 5.170227885246276855e-01 -1.402693367004394531e+01 3.261875305175781250e+02 -5.885988769531250000e+03
5.079746246337890625e-03 2.590000033378601074e-01 5.031589865684509277e-01 -1.370371246337890625e+01 3.202866516113281250e+02 -5.856186523437500000e+03
4.996448755264282227e-03 2.599999904632568359e-01 4.896154105663299561e-01 -1.338636207580566406e+01 3.144602661132812500e+02 -5.781680175781250000e+03
4.913553595542907715e-03 2.610000073909759521e-01 4.763863086700439453e-01 -1.307477760314941406e+01 3.087531127929687500e+02 -5.699723632812500000e+03
4.831194877624511719e-03 2.619999945163726807e-01 4.634658992290496826e-01 -1.276887130737304688e+01 3.030459594726562500e+02 -5.684822265625000000e+03
4.749402403831481934e-03 2.630000114440917969e-01 4.508486092090606689e-01 -1.246867179870605469e+01 2.973834838867187500e+02 -5.628942382812500000e+03
4.668146371841430664e-03 2.639999985694885254e-01 4.385285973548889160e-01 -1.217411994934082031e+01 2.917955322265625000e+02 -5.528359375000000000e+03
4.587501287460327148e-03 2.649999856948852539e-01 4.265004098415374756e-01 -1.188506698608398438e+01 2.862969970703125000e+02 -5.465028808593750000e+03
4.507452249526977539e-03 2.660000026226043701e-01 4.147585034370422363e-01 -1.160152721405029297e+01 2.808729553222656250e+02 -5.383072265625000000e+03
4.428058862686157227e-03 2.669999897480010986e-01 4.032973945140838623e-01 -1.132332229614257812e+01 2.755382995605468750e+02 -5.356995117187500000e+03
4.349291324615478516e-03 2.680000066757202148e-01 3.921118974685668945e-01 -1.105046653747558594e+01 2.701589660644531250e+02 -5.330917968750000000e+03
4.271253943443298340e-03 2.689999938011169434e-01 3.811964988708496094e-01 -1.078302001953125000e+01 2.648839416503906250e+02 -5.207982421875000000e+03
4.193842411041259766e-03 2.700000107288360596e-01 3.705458939075469971e-01 -1.052071475982666016e+01 2.597430419921875000e+02 -5.137201660156250000e+03
4.117205739021301270e-03 2.709999978542327881e-01 3.601551055908203125e-01 -1.026352024078369141e+01 2.546021118164062500e+02 -5.126025878906250000e+03
4.041254520416259766e-03 2.720000147819519043e-01 3.500188887119293213e-01 -1.001152610778808594e+01 2.495058898925781250e+02 -5.006815917968750000e+03
3.966003656387329102e-03 2.730000019073486328e-01 3.401320874691009521e-01 -9.764509201049804688e+00 2.445586853027343750e+02 -4.950936035156250000e+03
3.891542553901672363e-03 2.739999890327453613e-01 3.304899036884307861e-01 -9.522409439086914062e+00 2.395965881347656250e+02 -4.939760253906250000e+03
3.817856311798095703e-03 2.750000059604644775e-01 3.210873007774353027e-01 -9.285316467285156250e+00 2.346940917968750000e+02 -4.816825195312500000e+03
3.744944930076599121e-03 2.759999930858612061e-01 3.119193017482757568e-01 -9.053022384643554688e+00 2.299405975341796875e+02 -4.749769531250000000e+03
3.672853112220764160e-03 2.770000100135803223e-01 3.029812872409820557e-01 -8.825421333312988281e+00 2.252020111083984375e+02 -4.727417480468750000e+03
3.601536154747009277e-03 2.779999971389770508e-01 2.942684888839721680e-01 -8.602603912353515625e+00 2.205081329345703125e+02 -4.641735351562500000e+03
3.531053662300109863e-03 2.790000140666961670e-01 2.857761085033416748e-01 -8.384406089782714844e+00 2.159185638427734375e+02 -4.570954589843750000e+03
3.461405634880065918e-03 2.800000011920928955e-01 2.774997055530548096e-01 -8.170767784118652344e+00 2.113736877441406250e+02 -4.518800292968750000e+03
3.392562270164489746e-03 2.809999883174896240e-01 2.694346010684967041e-01 -7.961659431457519531e+00 2.069033355712890625e+02 -4.440568847656250000e+03
3.324553370475769043e-03 2.820000052452087402e-01 2.615764141082763672e-01 -7.756961822509765625e+00 2.024925689697265625e+02 -4.362337402343750000e+03
3.257349133491516113e-03 2.829999923706054688e-01 2.539207041263580322e-01 -7.556667327880859375e+00 1.981712188720703125e+02 -4.295281738281250000e+03
3.191053867340087891e-03 2.840000092983245850e-01 2.464631050825119019e-01 -7.360612392425537109e+00 1.939020233154296875e+02 -4.243127441406250000e+03
3.125600516796112061e-03 2.849999964237213135e-01 2.391995042562484741e-01 -7.168863773345947266e+00 1.896700744628906250e+02 -4.179797363281250000e+03
3.060944378376007080e-03 2.860000133514404297e-01 2.321254014968872070e-01 -6.981265544891357422e+00 1.855498962402343750e+02 -4.109016113281250000e+03
2.997249364852905273e-03 2.870000004768371582e-01 2.252369970083236694e-01 -6.797764778137207031e+00 1.814520568847656250e+02 -4.058724609375000000e+03
2.934403717517852783e-03 2.879999876022338867e-01 2.185298949480056763e-01 -6.618361949920654297e+00 1.774287261962890625e+02 -3.976767822265625000e+03
2.872452139854431152e-03 2.890000045299530029e-01 2.120002955198287964e-01 -6.442907810211181641e+00 1.735022583007812500e+02 -3.896673583984375000e+03
2.811349928379058838e-03 2.899999916553497314e-01 2.056441009044647217e-01 -6.271358013153076172e+00 1.696204986572265625e+02 -3.872459228515625000e+03
2.751052379608154297e-03 2.910000085830688477e-01 1.994576007127761841e-01 -6.103660106658935547e+00 1.657685394287109375e+02 -3.801678222656250000e+03
2.691753208637237549e-03 2.919999957084655762e-01 1.934368014335632324e-01 -5.939814090728759766e+00 1.620208740234375000e+02 -3.708545654296875000e+03
2.633295953273773193e-03 2.930000126361846924e-01 1.875779926776885986e-01 -5.779611587524414062e+00 1.583551788330078125e+02 -3.661979248046875000e+03
2.575650811195373535e-03 2.939999997615814209e-01 1.818775981664657593e-01 -5.623104095458984375e+00 1.546969299316406250e+02 -3.600511474609375000e+03
2.518951892852783203e-03 2.949999868869781494e-01 1.763318032026290894e-01 -5.470210552215576172e+00 1.511504516601562500e+02 -3.531593261718750000e+03
2.463102340698242188e-03 2.960000038146972656e-01 1.709371954202651978e-01 -5.320811271667480469e+00 1.476486663818359375e+02 -3.490614990234375000e+03
2.408154308795928955e-03 2.969999909400939941e-01 1.656901985406875610e-01 -5.174906253814697266e+00 1.441766815185546875e+02 -3.429147216796875000e+03
2.354048192501068115e-03 2.980000078678131104e-01 1.605874001979827881e-01 -5.032458305358886719e+00 1.408015594482421875e+02 -3.336014648437500000e+03
2.300798892974853516e-03 2.989999949932098389e-01 1.556252986192703247e-01 -4.893311023712158203e+00 1.375009307861328125e+02 -3.298761474609375000e+03
2.248451113700866699e-03 3.000000119209289551e-01 1.508007943630218506e-01 -4.757457256317138672e+00 1.342003173828125000e+02 -3.242881835937500000e+03
2.196945250034332275e-03 3.009999990463256836e-01 1.461104005575180054e-01 -4.624903678894042969e+00 1.310040130615234375e+02 -3.147886474609375000e+03
2.146348357200622559e-03 3.019999861717224121e-01 1.415510028600692749e-01 -4.495457172393798828e+00 1.278971023559570312e+02 -3.097594726562500000e+03
2.096556127071380615e-03 3.030000030994415283e-01 1.371195018291473389e-01 -4.369109630584716797e+00 1.247976531982421875e+02 -3.088281494140625000e+03
2.047695219516754150e-03 3.039999902248382568e-01 1.328127980232238770e-01 -4.245854854583740234e+00 1.217280044555664062e+02 -3.011912597656250000e+03
1.999601721763610840e-03 3.050000071525573730e-01 1.286278069019317627e-01 -4.125654220581054688e+00 1.187701110839843750e+02 -2.918780029296875000e+03
1.952346414327621460e-03 3.059999942779541016e-01 1.245615035295486450e-01 -4.008311271667480469e+00 1.158979034423828125e+02 -2.883389404296875000e+03
1.905947923660278320e-03 3.070000112056732178e-01 1.206111982464790344e-01 -3.893858909606933594e+00 1.130033416748046875e+02 -2.846136474609375000e+03
1.860450953245162964e-03 3.079999983310699463e-01 1.167737990617752075e-01 -3.782304763793945312e+00 1.102019119262695312e+02 -2.753003662109375000e+03
1.815699040889739990e-03 3.089999854564666748e-01 1.130466014146804810e-01 -3.673455476760864258e+00 1.074973449707031250e+02 -2.698986572265625000e+03
1.771800220012664795e-03 3.100000023841857910e-01 1.094269007444381714e-01 -3.567306756973266602e+00 1.048002243041992188e+02 -2.686879394531250000e+03
1.728702336549758911e-03 3.109999895095825195e-01 1.059119999408721924e-01 -3.463855266571044922e+00 1.021254577636718750e+02 -2.639381835937500000e+03
1.686397939920425415e-03 3.120000064373016357e-01 1.024992018938064575e-01 -3.363056182861328125e+00 9.953264617919921875e+01 -2.553699707031250000e+03
1.644924283027648926e-03 3.129999935626983643e-01 9.918589890003204346e-02 -3.264790296554565430e+00 9.702178955078125000e+01 -2.490369384765625000e+03
1.604221761226654053e-03 3.140000104904174805e-01 9.596963226795196533e-02 -3.169009208679199219e+00 9.454818725585937500e+01 -2.454979003906250000e+03
1.564309000968933105e-03 3.149999976158142090e-01 9.284789115190505981e-02 -3.075690507888793945e+00 9.211557006835937500e+01 -2.404687255859375000e+03
1.525171101093292236e-03 3.160000145435333252e-01 8.981826156377792358e-02 -2.984782218933105469e+00 8.973137664794921875e+01 -2.352532958984375000e+03
1.486800611019134521e-03 3.170000016689300537e-01 8.687833696603775024e-02 -2.896224498748779297e+00 8.740678405761718750e+01 -2.304104003906250000e+03
1.449190080165863037e-03 3.179999887943267822e-01 8.402582257986068726e-02 -2.809968948364257812e+00 8.512689971923828125e+01 -2.254743652343750000e+03
1.412335783243179321e-03 3.190000057220458984e-01 8.125840872526168823e-02 -2.725970983505249023e+00 8.289543914794921875e+01 -2.211902587890625000e+03
1.376226544380187988e-03 3.199999928474426270e-01 7.857389003038406372e-02 -2.644178390502929688e+00 8.070868682861328125e+01 -2.161610839843750000e+03
1.340851187705993652e-03 3.210000097751617432e-01 7.597006112337112427e-02 -2.564550161361694336e+00 7.857408905029296875e+01 -2.109456542968750000e+03
1.306198537349700928e-03 3.219999969005584717e-01 7.344479858875274658e-02 -2.487030267715454102e+00 7.648792266845703125e+01 -2.062890136718750000e+03
1.272264868021011353e-03 3.230000138282775879e-01 7.099600881338119507e-02 -2.411574602127075195e+00 7.444273376464843750e+01 -2.020049072265625000e+03
1.239042729139328003e-03 3.240000009536743164e-01 6.862165778875350952e-02 -2.338145256042480469e+00 7.244596862792968750e+01 -1.975345336914062500e+03
1.206520944833755493e-03 3.249999880790710449e-01 6.631972640752792358e-02 -2.266686439514160156e+00 7.049391174316406250e+01 -1.935298217773437500e+03
1.174688339233398438e-03 3.260000050067901611e-01 6.408829241991043091e-02 -2.197161436080932617e+00 6.857910156250000000e+01 -1.891525878906250000e+03
1.143539324402809143e-03 3.269999921321868896e-01 6.192541122436523438e-02 -2.129530429840087891e+00 6.671272277832031250e+01 -1.843096801757812500e+03
1.113070175051689148e-03 3.280000090599060059e-01 5.982923880219459534e-02 -2.063734292984008789e+00 6.489105224609375000e+01 -1.805843750000000000e+03
1.083256676793098450e-03 3.289999961853027344e-01 5.779794976115226746e-02 -1.999748587608337402e+00 6.310290908813476562e+01 -1.764865356445312500e+03
1.054095104336738586e-03 3.300000131130218506e-01 5.582974851131439209e-02 -1.937528610229492188e+00 6.135946655273437500e+01 -1.721092895507812500e+03
1.025581732392311096e-03 3.310000002384185791e-01 5.392289906740188599e-02 -1.877027988433837891e+00 5.966445159912109375e+01 -1.678717529296875000e+03
9.976997971534729004e-04 3.319999873638153076e-01 5.207569897174835205e-02 -1.818201780319213867e+00 5.800296783447265625e+01 -1.644258422851562500e+03
9.704492986202239990e-04 3.330000042915344238e-01 5.028650164604187012e-02 -1.761022210121154785e+00 5.637501144409179688e+01 -1.605608398437500000e+03
9.438097476959228516e-04 3.339999914169311523e-01 4.855366051197052002e-02 -1.705453872680664062e+00 5.478989410400390625e+01 -1.563698608398437500e+03
9.177755564451217651e-04 3.350000083446502686e-01 4.687559977173805237e-02 -1.651442646980285645e+00 5.324761962890625000e+01 -1.527376831054687500e+03
8.923448622226715088e-04 3.359999954700469971e-01 4.525078088045120239e-02 -1.598956942558288574e+00 5.173700714111328125e+01 -1.493849121093750000e+03
8.675009012222290039e-04 3.370000123977661133e-01 4.367769137024879456e-02 -1.547968745231628418e+00 5.026178741455078125e+01 -1.454733276367187500e+03
8.432306349277496338e-04 3.379999995231628418e-01 4.215484857559204102e-02 -1.498433470726013184e+00 4.882568359375000000e+01 -1.419808593750000000e+03
8.195303380489349365e-04 3.389999866485595703e-01 4.068082943558692932e-02 -1.450317621231079102e+00 4.742310714721679688e+01 -1.384883789062500000e+03
7.963906973600387573e-04 3.400000035762786865e-01 3.925421833992004395e-02 -1.403587460517883301e+00 4.605591964721679688e+01 -1.350890380859375000e+03
7.738005369901657104e-04 3.409999907016754150e-01 3.787365928292274475e-02 -1.358205914497375488e+00 4.472040176391601562e+01 -1.318759521484375000e+03
7.517505437135696411e-04 3.420000076293945312e-01 3.653781116008758545e-02 -1.314146757125854492e+00 4.341840744018554688e+01 -1.281972167968750000e+03
7.302314043045043945e-04 3.429999947547912598e-01 3.524537011981010437e-02 -1.271367311477661133e+00 4.215366744995117188e+01 -1.253566650390625000e+03
7.092300802469253540e-04 3.440000116825103760e-01 3.399508073925971985e-02 -1.229841470718383789e+00 4.091313934326171875e+01 -1.225161132812500000e+03
6.887484341859817505e-04 3.449999988079071045e-01 3.278569132089614868e-02 -1.189543128013610840e+00 3.970428085327148438e+01 -1.190236328125000000e+03
6.687641143798828125e-04 3.459999859333038330e-01 3.161599859595298767e-02 -1.150433063507080078e+00 3.853080749511718750e+01 -1.158105590820312500e+03
6.492752581834793091e-04 3.470000028610229492e-01 3.048482909798622131e-02 -1.112481594085693359e+00 3.738900375366210938e+01 -1.129234375000000000e+03
6.302697584033012390e-04 3.479999899864196777e-01 2.939103916287422180e-02 -1.075656175613403320e+00 3.627513885498046875e+01 -1.099897583007812500e+03
6.117392331361770630e-04 3.490000069141387939e-01 2.833352051675319672e-02 -1.039931416511535645e+00 3.518735122680664062e+01 -1.074286132812500000e+03
5.936799570918083191e-04 3.499999940395355225e-01 2.731117978692054749e-02 -1.005281567573547363e+00 3.412750244140625000e+01 -1.045414916992187500e+03
5.760751664638519287e-04 3.510000109672546387e-01 2.632296085357666016e-02 -9.716765880584716797e-01 3.309745407104492188e+01 -1.017475158691406250e+03
5.589202046394348145e-04 3.519999980926513672e-01 2.536782994866371155e-02 -9.390867352485656738e-01 3.209255599975585938e+01 -9.916307983398437500e+02
5.422001704573631287e-04 3.529999852180480957e-01 2.444479055702686310e-02 -9.074915647506713867e-01 3.111466217041015625e+01 -9.634581298828125000e+02
5.259150639176368713e-04 3.540000021457672119e-01 2.355284988880157471e-02 -8.768565654754638672e-01 3.016564178466796875e+01 -9.387779541015625000e+02
5.100499838590621948e-04 3.549999892711639404e-01 2.269108034670352936e-02 -8.471613526344299316e-01 2.923711013793945312e+01 -9.131665039062500000e+02
4.946049302816390991e-04 3.560000061988830566e-01 2.185853011906147003e-02 -8.183815479278564453e-01 2.833931159973144531e+01 -8.859251708984375000e+02
4.795594140887260437e-04 3.569999933242797852e-01 2.105432003736495972e-02 -7.904818654060363770e-01 2.746479606628417969e+01 -8.661344604492187500e+02
4.649143666028976440e-04 3.580000102519989014e-01 2.027756907045841217e-02 -7.634510993957519531e-01 2.660797691345214844e+01 -8.440154418945312500e+02
4.506595432758331299e-04 3.589999973773956299e-01 1.952742040157318115e-02 -7.372660040855407715e-01 2.577723503112792969e+01 -8.179382324218750000e+02
4.367800429463386536e-04 3.600000143051147461e-01 1.880303956568241119e-02 -7.118967175483703613e-01 2.497256851196289062e+01 -7.934909057617187500e+02
4.232805222272872925e-04 3.610000014305114746e-01 1.810362935066223145e-02 -6.873209476470947266e-01 2.419025421142578125e+01 -7.723032226562500000e+02
4.101404920220375061e-04 3.619999885559082031e-01 1.742839999496936798e-02 -6.635153889656066895e-01 2.342749977111816406e+01 -7.543751831054687500e+02
3.973497077822685242e-04 3.630000054836273193e-01 1.677660085260868073e-02 -6.404660344123840332e-01 2.268243789672851562e+01 -7.322561645507812500e+02
3.849202767014503479e-04 3.639999926090240479e-01 1.614747010171413422e-02 -6.181514859199523926e-01 2.196252441406250000e+01 -7.087401123046875000e+02
3.728251904249191284e-04 3.650000095367431641e-01 1.554029993712902069e-02 -5.965410470962524414e-01 2.126309776306152344e+01 -6.903463745117187500e+02
3.610649146139621735e-04 3.659999966621398926e-01 1.495439000427722931e-02 -5.756258368492126465e-01 2.058229827880859375e+01 -6.707885131835937500e+02
3.496301360428333282e-04 3.670000135898590088e-01 1.438905019313097000e-02 -5.553760528564453125e-01 1.992245483398437500e+01 -6.521619873046875000e+02
3.385148011147975922e-04 3.680000007152557373e-01 1.384363975375890732e-02 -5.357810258865356445e-01 1.927797698974609375e+01 -6.340010986328125000e+02
3.277100622653961182e-04 3.689999878406524658e-01 1.331748999655246735e-02 -5.168206691741943359e-01 1.865538597106933594e+01 -6.144432373046875000e+02
3.172149881720542908e-04 3.700000047683715820e-01 1.281000021845102310e-02 -4.984707534313201904e-01 1.804955863952636719e+01 -5.975629272460937500e+02
3.070100210607051849e-04 3.709999918937683105e-01 1.232055015861988068e-02 -4.807211160659790039e-01 1.746002960205078125e+01 -5.819631958007812500e+02
2.970998175442218781e-04 3.720000088214874268e-01 1.184855960309505463e-02 -4.635507762432098389e-01 1.688540077209472656e+01 -5.646171875000000000e+02
2.874699421226978302e-04 3.729999959468841553e-01 1.139345020055770874e-02 -4.469503760337829590e-01 1.632986640930175781e+01 -5.444772338867187500e+02
2.781199291348457336e-04 3.740000128746032715e-01 1.095466036349534988e-02 -4.308906197547912598e-01 1.579761314392089844e+01 -5.273641357421875000e+02
2.690399996936321259e-04 3.750000000000000000e-01 1.053167041391134262e-02 -4.153556823730468750e-01 1.527513980865478516e+01 -5.161881713867187500e+02
2.602222375571727753e-04 3.759999871253967285e-01 1.012395042926073074e-02 -4.003399312496185303e-01 1.476523876190185547e+01 -5.019854431152343750e+02
2.516601234674453735e-04 3.770000040531158447e-01 9.730991907417774200e-03 -3.858252465724945068e-01 1.427210140228271484e+01 -4.848723144531250000e+02
2.433494664728641510e-04 3.779999911785125732e-01 9.352301247417926788e-03 -3.717953264713287354e-01 1.379572868347167969e+01 -4.695054016113281250e+02
2.352846786379814148e-04 3.790000081062316895e-01 8.987402543425559998e-03 -3.582338392734527588e-01 1.333332538604736328e+01 -4.560011596679687500e+02
2.274578437209129333e-04 3.799999952316284180e-01 8.635834790766239166e-03 -3.451287150382995605e-01 1.288349437713623047e+01 -4.424969177246093750e+02
2.198643051087856293e-04 3.810000121593475342e-01 8.297146297991275787e-03 -3.324664235115051270e-01 1.244856548309326172e+01 -4.285270080566406250e+02
2.124968450516462326e-04 3.819999992847442627e-01 7.970903068780899048e-03 -3.202320933341979980e-01 1.202620983123779297e+01 -4.156048278808593750e+02
2.053515054285526276e-04 3.829999864101409912e-01 7.656683214008808136e-03 -3.084135949611663818e-01 1.161735725402832031e+01 -4.029154968261718750e+02
1.984203699976205826e-04 3.840000033378601074e-01 7.354076951742172241e-03 -2.969976365566253662e-01 1.122061252593994141e+01 -3.905754089355468750e+02
1.916999462991952896e-04 3.849999904632568359e-01 7.062688935548067093e-03 -2.859723865985870361e-01 1.083574199676513672e+01 -3.785845642089843750e+02
1.851839479058980942e-04 3.860000073909759521e-01 6.782133132219314575e-03 -2.753259539604187012e-01 1.046344470977783203e+01 -3.665937194824218750e+02
1.788670197129249573e-04 3.869999945163726807e-01 6.512037944048643112e-03 -2.650455534458160400e-01 1.010255622863769531e+01 -3.553013916015625000e+02
1.727440394461154938e-04 3.880000114440917969e-01 6.252042949199676514e-03 -2.551208734512329102e-01 9.752610206604003906e+00 -3.444165039062500000e+02
1.668098848313093185e-04 3.889999985694885254e-01 6.001797039061784744e-03 -2.455403506755828857e-01 9.414073944091796875e+00 -3.334151916503906250e+02
1.610596664249897003e-04 3.899999856948852539e-01 5.760963074862957001e-03 -2.362930029630661011e-01 9.085781097412109375e+00 -3.228795471191406250e+02
1.554884947836399078e-04 3.910000026226043701e-01 5.529211834073066711e-03 -2.273688167333602905e-01 8.767966270446777344e+00 -3.126931457519531250e+02
1.500910148024559021e-04 3.919999897480010986e-01 5.306226201355457306e-03 -2.187568694353103638e-01 8.460628509521484375e+00 -3.025067749023437500e+02
1.448630355298519135e-04 3.930000066757202148e-01 5.091698840260505676e-03 -2.104473561048507690e-01 8.162837028503417969e+00 -2.930188598632812500e+02
1.398001331835985184e-04 3.939999938011169434e-01 4.885332193225622177e-03 -2.024312168359756470e-01 7.874592304229736328e+00 -2.837055969238281250e+02
1.348969526588916779e-04 3.950000107288360596e-01 4.686837084591388702e-03 -1.946984380483627319e-01 7.595660209655761719e+00 -2.746251525878906250e+02
1.301500014960765839e-04 3.959999978542327881e-01 4.495935980230569839e-03 -1.872399300336837769e-01 7.325575351715087891e+00 -2.657775573730468750e+02
